Date and time (UTC),Global_Solar_Flux,Direct_Solar_Flux,Diffuse_Solar_Flux,TGBT,T1,T2,T3,T4,T5,T6,T7,SZA,SAA,Pmax,Vmax,Imax,Voc,Isc,Tp,POA,AirTemp,wd,ws,rh,rain,GLO_ARP_J1,T2_ARP_J1,RH_ARP_J1,PMAX_ARP_J1,TPV_ARP_J1,Consommation,Fioul,Charbon,Gaz,Nucleaire,Eolien,Solaire,Hydraulique,Pompage,Bioenergies,Ech. physiques,Taux de Co2,Ech. comm. Angleterre,Ech. comm. Espagne,Ech. comm. Italie,Ech. comm. Suisse,Ech. comm. Allemagne-Belgique
2016-08-03 00:00:00+00:00,-0.4,-0.11,-0.4,10.78,1.52,1.52,0.25,0.94,0.82,0.3,5.26,90.0,-177.35,0.0,0.0,0.0,0.0,0.0,0.0,0.0,19.0,234.46,3.1,72.19,0.0,0.0,18.25,78.75,0.0,0.0,38344.67,117.7,10.77,1138.97,36943.63,2846.77,-1.0,4456.5,-1591.57,980.53,-6558.17,32.23,-419.0,-2550.0,-1416.0,-1644.0,-771.0
2016-08-03 00:15:00+00:00,-0.44,-0.11,-0.49,9.63,1.28,1.51,0.19,1.27,1.26,0.32,3.65,90.0,-173.45,0.0,0.0,0.0,0.0,0.0,0.0,0.0,18.93,231.48,3.14,72.64,0.0,0.0,18.48,72.33,0.0,0.0,38054.67,119.2,10.27,1132.47,36857.13,2831.27,-1.0,4329.0,-1687.07,979.53,-6515.67,32.73,-419.0,-2550.0,-1416.0,-1644.0,-771.0
2016-08-03 00:30:00+00:00,-0.43,-0.11,-0.45,8.17,1.28,1.53,0.22,1.0,1.25,0.15,2.55,90.0,-169.57,0.0,0.0,0.0,0.0,0.0,0.0,0.0,18.82,235.12,2.59,73.2,0.0,0.0,18.6,69.18,0.0,0.0,37547.67,119.53,10.23,1132.27,36789.3,2827.2,-1.0,4203.37,-1932.37,979.23,-6579.1,33.23,-419.0,-2550.0,-1416.0,-1638.4,-1064.3
2016-08-03 00:45:00+00:00,-0.4,-0.11,-0.39,8.46,1.51,1.53,0.22,1.24,1.21,0.14,2.42,90.0,-165.73,0.0,0.0,0.0,0.0,0.0,0.0,0.0,18.7,237.59,2.83,74.01,0.0,0.0,18.6,69.78,0.0,0.0,36792.67,118.53,10.73,1139.27,36742.8,2836.2,-1.0,4079.87,-2348.87,979.73,-6763.6,33.73,-419.0,-2550.0,-1416.0,-1626.4,-1692.8
2016-08-03 01:00:00+00:00,-0.35,-0.1,-0.37,7.52,1.29,1.53,0.18,0.96,0.86,0.14,2.35,90.0,-161.93,0.0,0.0,0.0,0.0,0.0,0.0,0.0,18.63,230.6,2.92,74.23,0.0,0.0,18.6,70.38,0.0,0.0,36204.03,117.77,11.23,1148.83,36740.87,2848.23,-1.0,3989.03,-2570.07,980.47,-7060.33,34.0,-419.0,-2550.0,-1416.0,-1620.0,-2028.0
2016-08-03 01:15:00+00:00,-0.37,-0.1,-0.38,8.34,1.31,1.72,0.14,1.22,1.24,0.14,2.34,90.0,-158.19,0.0,0.0,0.0,0.0,0.0,0.0,0.0,18.49,230.9,3.1,75.13,0.0,0.0,18.6,70.98,0.0,0.0,35805.53,117.27,11.73,1161.33,36789.87,2863.73,-1.0,3935.53,-2568.07,981.47,-7485.33,34.0,-419.0,-2550.0,-1416.0,-1620.0,-2028.0
2016-08-03 01:30:00+00:00,-0.39,-0.11,-0.41,8.14,1.48,1.54,0.19,0.98,1.24,0.14,2.39,90.0,-154.51,0.0,0.0,0.0,0.0,0.0,0.0,0.0,18.46,228.86,2.96,75.24,0.0,0.0,18.59,71.74,0.0,0.0,35446.23,117.7,12.0,1169.17,36762.33,2859.63,-1.0,3896.27,-2551.83,979.2,-7796.93,34.0,-419.0,-2550.0,-1416.0,-1618.83,-1901.07
2016-08-03 01:45:00+00:00,-0.32,-0.1,-0.36,7.99,1.29,1.54,0.16,1.27,1.24,0.14,2.14,90.0,-150.91,0.0,0.0,0.0,0.0,0.0,0.0,0.0,18.4,227.24,2.92,75.44,0.0,0.0,18.56,72.69,0.0,0.0,35131.73,119.2,12.0,1171.67,36647.33,2833.13,-1.0,3873.27,-2519.33,973.2,-7978.93,34.0,-419.0,-2550.0,-1416.0,-1616.33,-1629.07
2016-08-03 02:00:00+00:00,-1.32,-0.79,-1.66,8.94,1.51,1.72,0.14,1.22,1.25,0.16,2.73,90.0,-147.38,0.0,0.0,0.0,0.0,0.0,0.0,0.0,17.93,222.56,2.88,78.96,0.01,0.0,18.54,73.64,0.0,0.0,34927.13,120.0,12.0,1171.6,36408.9,2810.13,-1.0,3846.53,-2441.8,970.93,-7971.7,34.0,-419.0,-2550.0,-1416.0,-1615.0,-1484.0
2016-08-03 02:15:00+00:00,-1.32,-0.42,-1.51,9.11,1.29,1.71,0.17,1.22,1.29,0.32,2.89,90.0,-143.93,0.0,0.0,0.0,0.0,0.0,0.0,0.0,17.55,220.63,2.93,82.08,0.0,0.0,18.51,74.59,0.0,0.0,34848.13,120.0,12.0,1168.6,36029.4,2791.13,-1.0,3815.53,-2312.8,972.93,-7748.2,34.0,-419.0,-2550.0,-1416.0,-1615.0,-1484.0
2016-08-03 02:30:00+00:00,-1.11,-0.28,-1.12,9.4,1.52,2.5,0.15,0.99,1.25,0.32,2.39,90.0,-140.57,0.0,0.0,0.0,0.0,0.0,0.0,0.0,17.61,217.86,2.97,81.46,0.0,0.0,18.38,76.63,0.0,0.0,34866.67,120.23,12.23,1171.2,35978.43,2779.83,-1.0,3785.7,-2242.6,973.3,-7710.43,34.0,-419.0,-2550.0,-1416.0,-1576.03,-1425.2
2016-08-03 02:45:00+00:00,-0.88,-0.18,-0.52,8.78,1.32,2.02,0.14,1.25,1.03,0.19,2.59,90.0,-137.28,0.0,0.0,0.0,0.0,0.0,0.0,0.0,17.68,221.05,3.1,80.53,0.0,0.0,18.13,79.9,0.0,0.0,34996.67,120.73,12.73,1180.2,36302.93,2777.33,-1.0,3757.2,-2239.6,971.8,-7884.93,34.0,-419.0,-2550.0,-1416.0,-1492.53,-1299.2
2016-08-03 03:00:00+00:00,-0.56,-0.12,-0.32,8.62,1.52,1.71,0.14,1.27,1.07,0.14,2.54,90.0,-134.07,0.0,0.0,0.0,0.0,0.0,0.0,0.0,17.71,215.7,3.11,79.86,0.0,0.0,17.88,83.18,0.0,0.0,35293.27,120.53,13.0,1193.17,36509.83,2796.77,-1.0,3753.9,-2238.23,969.6,-7823.3,34.0,-419.0,-2550.0,-1416.0,-1448.0,-1232.0
2016-08-03 03:15:00+00:00,-0.43,-0.11,-0.35,8.2,1.28,1.52,0.22,1.24,1.25,0.14,2.36,90.0,-130.93,0.0,0.0,0.0,0.0,0.0,0.0,0.0,17.74,215.72,3.3,79.17,0.0,0.0,17.63,86.45,0.0,0.0,35780.27,119.53,13.0,1210.67,36582.33,2841.27,-1.0,3779.4,-2238.73,966.6,-7491.8,34.0,-419.0,-2550.0,-1416.0,-1448.0,-1232.0
2016-08-03 03:30:00+00:00,-0.4,-0.12,-0.4,9.41,1.5,1.71,0.59,1.21,1.21,0.14,2.83,90.0,-127.87,0.0,0.0,0.0,0.0,0.0,0.0,0.0,17.66,220.01,3.48,79.48,0.0,0.0,17.43,88.97,0.0,0.0,36244.4,119.23,12.77,1247.53,36705.7,2881.8,-1.0,3880.27,-2235.5,964.53,-7330.4,34.0,-419.0,-2550.0,-1416.0,-1439.6,-1511.07
2016-08-03 03:45:00+00:00,-0.39,-0.12,-0.41,8.86,1.28,1.71,0.19,0.97,1.38,0.14,2.98,90.0,-124.88,0.0,0.0,0.0,0.0,0.0,0.0,0.0,17.58,214.6,3.03,79.91,0.0,0.0,17.28,90.62,0.0,0.0,36682.4,119.73,12.27,1306.53,36887.2,2917.8,-1.0,4067.27,-2228.0,963.53,-7363.4,34.0,-419.0,-2550.0,-1416.0,-1421.6,-2109.07
2016-08-03 04:00:00+00:00,-0.49,-0.17,-0.42,10.11,1.51,1.72,0.24,1.22,1.48,0.22,3.5,90.0,-121.94,0.0,0.0,0.0,14.15,0.0,16.31,0.16,17.35,216.58,3.16,81.62,0.0,0.0,17.13,92.27,0.0,0.0,37143.73,120.23,12.0,1441.83,37012.7,2935.37,-1.0,4272.23,-2013.07,960.67,-7597.77,34.47,-419.0,-2550.0,-1416.0,-1412.0,-2428.0
2016-08-03 04:15:00+00:00,0.74,-0.11,0.73,9.31,1.3,1.71,0.2,1.25,1.35,0.32,2.98,90.0,-119.06,0.06,3.57,0.0,25.41,0.0,16.92,0.93,17.33,222.01,3.21,81.98,0.0,0.0,16.98,93.92,0.0,0.0,37631.73,120.73,12.0,1664.33,37074.2,2931.87,-1.0,4497.73,-1561.07,955.67,-8062.27,35.47,-419.0,-2550.0,-1416.0,-1412.0,-2428.0
2016-08-03 04:30:00+00:00,2.74,-0.09,2.74,9.63,1.5,1.71,0.19,1.26,1.25,0.85,2.65,89.37,-116.23,0.52,24.25,0.02,28.47,0.02,17.21,2.75,17.33,218.41,2.96,82.01,0.0,0.38,16.9,94.82,0.06,16.91,38108.77,121.23,12.0,1801.43,37249.33,2926.03,3.2,4705.5,-1318.83,954.63,-8345.0,36.0,-649.53,-2235.0,-1534.53,-1324.27,-2555.87
2016-08-03 04:45:00+00:00,7.22,-0.03,7.22,9.37,1.35,1.6,0.18,1.29,1.33,0.8,2.63,87.2,-113.44,1.39,26.14,0.05,30.35,0.06,17.37,7.17,17.31,213.22,3.48,82.1,0.0,1.21,16.9,94.87,0.19,16.94,38573.27,121.73,12.0,1840.93,37554.33,2917.53,12.2,4893.0,-1316.33,958.13,-8420.0,36.0,-1143.53,-1560.0,-1788.53,-1136.27,-2829.87
2016-08-03 05:00:00+00:00,14.81,0.01,14.83,19.3,2.83,3.05,0.23,1.68,2.45,0.43,8.29,84.91,-110.68,2.95,26.2,0.11,31.48,0.12,17.56,14.3,17.36,218.73,3.38,82.0,0.0,2.04,16.9,94.92,0.33,16.97,39203.67,122.23,12.23,1922.67,37652.83,2934.47,45.0,5094.97,-1013.3,957.43,-8525.33,36.0,-1407.0,-1200.0,-1924.0,-1036.0,-2976.0
2016-08-03 05:15:00+00:00,37.03,0.09,37.01,21.26,2.84,2.81,0.2,1.96,2.52,0.43,10.2,82.58,-107.95,7.77,27.71,0.28,32.96,0.29,18.1,35.82,17.39,215.79,3.83,81.55,0.0,2.86,16.9,94.97,0.48,17.0,40023.67,122.73,12.73,2052.67,37515.33,2980.47,105.0,5313.47,-366.8,951.93,-8665.33,36.0,-1407.0,-1200.0,-1924.0,-1036.0,-2976.0
2016-08-03 05:30:00+00:00,47.87,0.14,47.99,21.97,2.73,3.0,0.2,1.95,2.4,0.43,10.92,80.21,-105.24,9.95,27.51,0.36,33.28,0.37,18.61,45.75,17.49,212.97,3.74,80.61,0.0,7.5,16.92,94.92,1.34,17.17,40860.93,123.0,12.77,2147.67,37625.63,2983.53,200.47,5565.1,-22.0,948.77,-8725.3,36.0,-1545.37,-1200.0,-1933.57,-957.37,-2633.7
2016-08-03 05:45:00+00:00,73.6,0.27,73.79,16.48,2.69,3.04,0.24,2.34,2.05,0.43,5.32,77.81,-102.53,14.65,29.23,0.5,33.81,0.54,18.98,66.23,17.52,217.32,3.86,80.1,0.0,16.5,16.97,94.74,3.08,17.52,41717.93,123.0,12.27,2202.67,38019.13,2937.53,336.47,5854.6,-22.0,948.27,-8693.8,36.0,-1841.87,-1200.0,-1954.07,-788.87,-1900.2
2016-08-03 06:00:00+00:00,92.36,0.35,92.55,15.57,2.85,2.11,0.22,2.55,2.38,0.43,4.81,75.38,-99.83,18.04,29.09,0.62,34.09,0.65,19.29,80.6,17.44,223.03,4.02,80.24,0.0,25.5,17.02,94.57,4.89,17.88,42616.0,122.77,11.3,2193.97,38280.57,2893.87,514.93,6148.07,-21.53,946.37,-8473.53,35.53,-2000.0,-1200.0,-1965.0,-699.0,-1509.0
2016-08-03 06:15:00+00:00,153.02,38.75,141.22,15.47,2.87,2.2,0.2,2.26,2.41,0.43,4.87,72.94,-97.11,28.71,29.86,0.96,34.72,1.06,20.13,135.13,17.42,221.77,4.26,80.41,0.0,34.5,17.07,94.39,6.73,18.23,43561.0,122.27,9.8,2112.47,38391.07,2852.87,741.93,6446.07,-20.53,942.87,-8037.53,34.53,-2000.0,-1200.0,-1965.0,-699.0,-1509.0
2016-08-03 06:30:00+00:00,158.62,35.31,146.42,15.75,2.91,2.43,0.2,2.96,2.41,0.57,4.0,70.48,-94.37,29.79,29.82,1.0,34.76,1.13,20.4,142.4,17.41,222.48,4.35,80.66,0.0,61.49,17.22,93.87,12.39,19.27,44421.3,122.0,8.77,2071.1,38485.23,2834.03,988.53,6732.4,-23.5,944.03,-7741.3,33.77,-2000.0,-1200.0,-1865.37,-818.7,-1230.17
2016-08-03 06:45:00+00:00,306.85,299.88,190.74,15.78,2.51,2.47,0.94,2.68,1.99,0.67,4.19,68.01,-91.6,54.44,30.61,1.77,35.41,2.0,22.48,256.41,17.6,220.26,4.88,80.38,0.0,109.04,17.47,92.94,22.54,21.12,45184.8,122.0,8.27,2075.6,38560.73,2840.53,1257.53,7005.4,-31.0,950.53,-7604.8,33.27,-2000.0,-1200.0,-1651.87,-1075.2,-632.67
2016-08-03 07:00:00+00:00,326.34,232.93,227.43,16.76,2.05,2.39,1.07,2.87,2.49,0.63,4.94,65.54,-88.78,72.11,30.19,2.39,35.54,2.63,25.31,326.05,17.85,223.03,4.48,79.61,0.0,156.59,17.72,92.02,32.95,23.0,45928.93,121.53,8.23,2077.3,38588.4,2883.43,1530.73,7145.17,-42.23,953.53,-7336.7,33.0,-2000.0,-1200.0,-1538.0,-1212.0,-314.0
2016-08-03 07:15:00+00:00,338.28,187.7,250.87,17.83,2.6,2.24,1.28,3.26,2.02,0.74,5.38,63.07,-85.91,77.18,29.87,2.58,35.54,2.76,25.77,338.31,18.02,224.97,4.66,79.25,0.0,204.14,17.97,91.09,43.82,24.96,46650.93,120.53,8.73,2075.8,38561.4,2967.93,1808.73,7132.67,-57.73,952.53,-6918.2,33.0,-2000.0,-1200.0,-1538.0,-1212.0,-314.0
2016-08-03 07:30:00+00:00,375.98,223.3,261.41,18.37,2.34,2.4,1.33,2.74,2.66,0.91,5.6,60.61,-82.96,76.26,29.5,2.59,35.32,2.66,26.95,323.2,18.28,227.46,4.63,78.97,0.0,256.04,18.29,89.61,56.39,27.26,47235.5,119.07,8.77,2072.9,38534.87,3078.57,2070.4,7159.13,-66.0,951.07,-6692.2,32.77,-2000.0,-1200.0,-1538.0,-1232.07,-314.23
2016-08-03 07:45:00+00:00,428.69,157.91,343.84,21.06,2.23,2.73,1.65,2.5,2.01,1.6,7.93,58.16,-79.92,96.52,29.28,3.29,35.33,3.31,29.82,401.8,18.86,230.38,4.92,76.98,0.0,312.92,18.69,87.48,70.92,29.99,47663.0,117.07,8.27,2068.4,38508.87,3219.07,2313.4,7230.13,-66.0,949.07,-6686.2,32.27,-2000.0,-1200.0,-1538.0,-1275.07,-314.73
2016-08-03 08:00:00+00:00,378.26,22.98,363.62,21.94,2.36,2.3,1.18,2.29,3.03,2.28,8.13,55.74,-76.77,77.17,29.38,2.62,35.26,2.8,28.5,345.21,19.0,228.96,4.76,76.12,0.0,369.79,19.09,85.36,85.93,32.83,48080.47,116.47,8.0,2060.4,38522.07,3356.07,2569.93,7314.2,-55.27,945.43,-6758.13,31.77,-2000.0,-1200.0,-1538.0,-1298.0,-291.67
2016-08-03 08:15:00+00:00,373.93,32.5,352.6,23.94,2.68,2.11,1.0,2.43,3.17,1.82,10.38,53.35,-73.5,73.86,29.28,2.52,35.14,2.64,28.6,325.52,19.37,221.77,4.18,75.15,0.0,426.67,19.49,83.23,100.97,35.73,48486.47,117.47,8.0,2048.4,38580.07,3489.07,2841.93,7413.2,-32.27,939.93,-6919.13,31.27,-2000.0,-1200.0,-1538.0,-1298.0,-241.67
2016-08-03 08:30:00+00:00,259.62,4.12,256.44,21.36,3.32,2.29,1.24,2.33,4.0,1.47,6.34,51.0,-70.07,55.51,29.29,1.89,34.88,2.02,26.91,248.16,19.49,228.67,4.13,74.75,0.0,455.14,19.82,81.46,108.49,37.35,48839.03,118.0,8.23,2045.03,38622.2,3568.4,3081.03,7446.4,-20.0,931.63,-6960.9,31.0,-2000.0,-1200.0,-1538.0,-1237.33,-83.63
2016-08-03 08:45:00+00:00,320.49,12.64,310.75,20.36,3.26,2.14,1.25,1.86,3.99,1.53,5.97,48.71,-66.48,65.06,29.29,2.22,35.15,2.34,27.0,289.82,19.7,233.07,4.49,74.2,0.0,451.17,20.07,80.08,107.21,37.41,49130.53,118.0,8.73,2051.53,38646.2,3586.4,3282.53,7404.4,-20.0,920.13,-6866.4,31.0,-2000.0,-1200.0,-1538.0,-1107.33,197.87
2016-08-03 09:00:00+00:00,308.19,18.0,294.34,21.36,3.16,2.29,1.52,2.07,3.62,2.0,6.29,46.48,-62.69,58.95,29.12,2.02,34.94,2.15,27.47,267.63,20.07,231.48,3.85,73.07,0.0,447.2,20.32,78.71,105.48,37.39,49423.67,119.63,9.23,2052.2,38640.8,3580.13,3468.63,7331.13,-20.47,915.63,-6672.5,31.0,-2000.0,-1200.0,-1538.0,-1038.0,348.0
2016-08-03 09:15:00+00:00,307.7,2.18,304.35,21.54,3.07,2.42,1.62,2.23,3.37,1.77,6.66,44.32,-58.67,64.46,29.23,2.21,35.03,2.32,27.93,286.94,20.07,218.74,4.05,72.29,0.0,443.22,20.57,77.33,103.48,37.33,49718.67,123.13,9.73,2046.2,38601.8,3546.13,3637.13,7222.13,-21.47,919.13,-6365.0,31.0,-2000.0,-1200.0,-1538.0,-1038.0,348.0
2016-08-03 09:30:00+00:00,343.44,10.12,333.55,21.63,3.87,2.04,1.35,2.25,3.74,1.6,6.37,42.26,-54.4,88.87,28.38,3.25,35.14,3.06,29.41,366.93,20.25,228.16,4.1,71.76,0.0,437.16,20.79,76.05,100.82,37.13,50060.8,124.77,10.47,2028.77,38568.63,3506.3,3796.07,7188.5,-21.77,923.33,-6064.27,30.77,-2000.0,-1200.0,-1537.07,-1077.2,597.9
2016-08-03 09:45:00+00:00,722.7,516.32,318.15,19.44,3.13,2.18,1.36,2.07,3.21,1.52,5.6,40.31,-49.85,195.35,27.43,7.17,35.3,7.42,40.86,878.6,20.71,223.62,4.29,69.08,0.0,428.71,20.99,74.88,97.53,36.8,50456.8,124.27,11.47,1998.27,38542.13,3459.8,3944.07,7241.0,-21.27,928.33,-5771.27,30.27,-2000.0,-1200.0,-1535.07,-1161.2,1133.4
2016-08-03 10:00:00+00:00,759.17,420.46,420.79,21.78,3.61,2.04,1.37,2.74,3.48,1.44,6.77,38.49,-44.99,181.55,26.04,6.97,34.73,7.76,46.95,925.6,21.57,219.07,3.58,66.0,0.0,420.26,21.19,73.7,94.36,36.49,50684.8,123.77,12.23,1980.13,38494.87,3406.77,4068.5,7224.9,-21.0,933.8,-5538.93,30.23,-2000.0,-1200.0,-1534.0,-1206.0,1419.0
2016-08-03 10:15:00+00:00,543.06,62.6,485.93,24.93,3.32,2.61,1.48,1.65,3.45,1.68,10.3,36.82,-39.8,110.1,28.32,3.9,34.73,4.3,38.74,513.75,21.79,224.55,4.76,65.21,0.0,411.81,21.39,72.53,91.37,36.21,50720.8,123.27,12.73,1976.13,38423.87,3346.27,4166.0,7130.4,-21.0,939.8,-5375.93,30.73,-2000.0,-1200.0,-1534.0,-1206.0,1419.0
2016-08-03 10:30:00+00:00,645.76,175.01,490.46,22.78,3.87,3.79,1.24,1.86,3.19,1.57,6.77,35.34,-34.27,129.59,28.83,4.51,35.17,4.64,35.8,545.2,22.19,219.34,3.94,63.47,0.0,419.02,21.65,71.17,92.62,36.7,50838.7,122.77,12.77,1977.27,38408.4,3283.67,4251.6,7080.93,-21.0,945.33,-5222.27,31.0,-2000.0,-1200.0,-1534.93,-1262.0,1316.1
2016-08-03 10:45:00+00:00,605.25,99.77,511.54,24.02,4.09,3.24,1.54,3.12,3.13,1.68,6.74,34.05,-28.39,155.57,27.68,5.63,34.82,5.74,42.4,679.46,22.19,217.39,4.68,62.2,0.0,444.15,21.98,69.59,98.63,38.06,51050.2,122.27,12.27,1984.27,38456.4,3218.67,4323.6,7082.93,-21.0,950.33,-5079.27,31.0,-2000.0,-1200.0,-1536.93,-1382.0,1095.6
2016-08-03 11:00:00+00:00,614.19,46.11,565.12,24.36,3.73,2.48,2.03,3.35,3.13,3.15,6.16,33.0,-22.2,138.29,27.66,5.0,34.72,5.18,41.89,616.54,22.47,214.67,4.61,61.04,0.0,469.27,22.3,68.02,104.72,39.44,50956.97,122.0,12.23,1992.2,38459.6,3153.43,4387.43,7027.53,-21.0,950.9,-5127.13,31.0,-2000.0,-1200.0,-1538.0,-1446.0,978.0
2016-08-03 11:15:00+00:00,505.99,24.9,475.76,24.95,3.92,3.06,1.77,2.71,3.05,2.29,7.67,32.2,-15.72,108.03,28.26,3.83,34.79,4.18,38.25,503.82,22.56,211.61,4.14,60.65,0.0,494.4,22.63,66.44,110.91,40.85,50515.47,122.0,12.73,2001.2,38411.6,3087.93,4441.93,6906.53,-21.0,946.4,-5393.13,31.0,-2000.0,-1200.0,-1538.0,-1446.0,978.0
2016-08-03 11:30:00+00:00,436.93,1.82,429.08,22.11,3.9,2.13,1.72,2.62,3.38,1.41,6.57,31.67,-9.02,98.23,28.9,3.4,34.86,3.63,35.64,442.47,22.67,204.97,4.64,58.98,0.0,513.48,22.96,64.88,115.59,42.03,50207.67,122.23,13.23,2016.03,38371.3,3004.7,4476.37,6742.6,-21.0,942.83,-5459.63,31.23,-2000.0,-1200.0,-1538.0,-1459.07,1021.87
2016-08-03 11:45:00+00:00,396.0,0.85,390.76,22.26,3.95,2.11,1.85,2.47,4.41,0.91,6.15,31.43,-2.19,88.36,29.08,3.04,34.89,3.26,33.95,400.85,22.67,216.66,4.21,58.94,0.0,525.66,23.31,63.33,118.52,42.93,50052.67,122.73,13.73,2037.53,38339.8,2901.2,4487.87,6529.6,-21.0,940.33,-5298.13,31.73,-2000.0,-1200.0,-1538.0,-1487.07,1115.87
2016-08-03 12:00:00+00:00,444.44,12.78,426.39,22.04,4.09,2.47,1.39,2.51,3.92,1.09,6.13,31.49,4.67,99.14,29.14,3.4,34.97,3.65,34.55,444.05,22.98,214.04,4.3,58.14,0.0,537.83,23.66,61.78,121.61,43.86,49979.8,123.0,13.77,2056.23,38364.07,2808.2,4488.17,6447.97,-21.0,937.6,-5237.2,32.0,-2000.0,-1200.0,-1538.0,-1502.0,1166.0
2016-08-03 12:15:00+00:00,404.23,12.55,388.39,30.49,4.17,4.73,1.37,2.97,4.21,1.71,10.59,31.84,11.46,90.9,28.78,3.16,34.82,3.73,35.49,448.08,23.14,218.81,4.83,56.72,0.0,550.01,24.01,60.23,124.84,44.82,50000.8,123.0,13.27,2071.73,38452.07,2727.2,4475.67,6516.47,-21.0,934.6,-5291.2,32.0,-2000.0,-1200.0,-1538.0,-1502.0,1166.0
2016-08-03 12:30:00+00:00,577.73,61.52,518.15,29.37,5.84,4.11,2.13,3.3,3.56,1.75,8.07,32.47,18.08,142.11,27.35,5.3,35.08,5.25,38.25,630.18,23.38,210.35,4.61,55.8,0.0,542.63,24.26,59.03,123.04,44.78,49828.13,122.53,12.77,2108.7,38460.5,2674.67,4458.97,6405.77,-21.0,931.13,-5325.6,32.23,-2000.0,-1200.0,-1538.0,-1555.43,1187.0
2016-08-03 12:45:00+00:00,617.99,78.66,542.45,27.23,5.1,3.43,2.27,3.06,3.81,1.63,7.33,33.37,24.46,152.01,28.01,5.43,34.92,5.83,41.28,693.33,23.65,207.66,4.31,55.69,0.0,512.9,24.38,58.23,115.4,43.58,49434.13,121.53,12.27,2170.2,38378.0,2654.67,4437.47,6090.27,-21.0,927.13,-5337.6,32.73,-2000.0,-1200.0,-1538.0,-1669.93,1232.0
2016-08-03 13:00:00+00:00,648.11,94.22,559.9,25.18,3.97,2.28,1.52,2.97,4.46,1.17,8.36,34.51,30.54,138.79,27.71,5.01,34.63,5.27,42.44,634.5,23.97,230.53,5.51,54.06,0.0,483.18,24.51,57.43,107.87,42.41,49103.6,121.23,11.77,2207.2,38299.93,2630.23,4388.9,5880.7,-21.0,926.87,-5344.0,33.0,-2000.0,-1200.0,-1538.0,-1731.0,1256.0
2016-08-03 13:15:00+00:00,424.92,1.73,420.33,23.89,3.81,2.22,1.35,2.96,3.43,1.22,8.49,35.88,36.28,92.28,28.67,3.22,34.64,3.46,36.8,424.08,23.85,223.57,4.29,54.04,0.0,453.45,24.63,56.63,100.42,41.27,48845.6,121.73,11.27,2216.2,38226.93,2600.73,4309.4,5792.2,-21.0,930.87,-5344.0,33.0,-2000.0,-1200.0,-1538.0,-1731.0,1256.0
2016-08-03 13:30:00+00:00,464.34,15.44,447.12,21.68,3.95,2.31,1.43,3.18,3.32,1.22,5.86,37.44,41.68,104.18,28.61,3.65,34.88,3.85,35.88,466.38,24.13,207.47,3.81,53.55,0.0,427.23,24.71,56.0,94.01,40.26,48562.17,122.23,11.47,2215.63,38171.43,2583.83,4218.0,5697.4,-20.77,934.87,-5372.23,33.23,-2000.0,-1200.0,-1538.0,-1699.97,1122.3
2016-08-03 13:45:00+00:00,605.19,136.73,491.59,24.44,4.08,2.79,1.41,3.16,3.13,1.33,8.12,39.17,46.75,135.49,28.13,4.82,34.82,5.13,39.88,611.93,24.6,226.77,4.39,52.71,0.0,405.0,24.74,55.58,88.73,39.39,48249.67,122.73,12.47,2204.13,38135.93,2581.33,4113.0,5595.4,-20.27,938.87,-5432.73,33.73,-2000.0,-1200.0,-1538.0,-1633.47,835.8
2016-08-03 14:00:00+00:00,315.07,1.37,312.54,28.2,8.66,2.88,1.53,3.03,2.82,2.55,6.22,41.04,51.49,67.16,28.65,2.34,34.38,2.5,34.24,309.08,24.43,228.08,4.94,52.41,0.0,382.78,24.76,55.15,83.48,38.54,47946.5,123.0,13.0,2195.2,38097.63,2589.33,3986.3,5534.0,-20.0,942.63,-5513.07,34.0,-2000.0,-1200.0,-1538.0,-1598.0,683.0
2016-08-03 14:15:00+00:00,330.45,0.63,328.39,23.53,3.74,2.0,1.48,2.69,4.01,1.52,7.69,43.04,55.93,70.95,28.91,2.45,34.69,2.61,31.98,322.86,24.18,233.45,5.13,53.85,0.0,360.55,24.79,54.73,78.24,37.69,47654.0,123.0,13.0,2189.2,38056.13,2609.33,3834.8,5519.0,-20.0,946.13,-5616.07,34.0,-2000.0,-1200.0,-1538.0,-1598.0,683.0
2016-08-03 14:30:00+00:00,306.82,1.39,305.06,24.49,3.79,2.75,1.35,2.85,3.22,1.21,8.85,45.14,60.1,66.46,28.9,2.3,34.68,2.44,31.25,298.92,24.03,239.08,4.47,54.75,0.0,318.55,24.71,54.62,68.06,35.91,47397.43,122.77,13.0,2189.97,38016.73,2626.3,3673.73,5465.03,-20.47,950.1,-5639.5,34.23,-2000.0,-1200.0,-1537.77,-1527.77,573.33
2016-08-03 14:45:00+00:00,232.89,0.29,232.4,24.36,3.75,2.74,1.34,2.68,2.77,1.41,9.15,47.32,64.03,49.76,28.67,1.74,34.31,1.84,30.42,226.84,24.04,238.93,3.67,55.4,0.0,253.95,24.51,54.87,52.93,33.22,47181.93,122.27,13.0,2198.47,37979.73,2639.8,3501.73,5366.53,-21.47,954.6,-5572.0,34.73,-2000.0,-1200.0,-1537.27,-1377.27,338.33
2016-08-03 15:00:00+00:00,155.08,0.3,154.49,25.18,3.58,2.75,1.42,3.44,3.42,1.58,8.48,49.58,67.74,33.43,28.49,1.17,34.0,1.24,27.82,154.53,23.76,236.35,4.11,56.0,0.0,189.35,24.31,55.12,38.79,30.73,46962.0,122.0,13.0,2204.4,37964.43,2654.7,3316.2,5367.43,-21.53,957.93,-5615.57,35.0,-2000.0,-1200.0,-1537.0,-1297.0,201.33
2016-08-03 15:15:00+00:00,152.09,0.37,151.35,24.33,3.6,2.8,1.39,2.45,3.59,1.33,8.65,51.9,71.27,32.98,28.43,1.16,34.03,1.22,27.32,152.18,23.73,232.3,3.57,56.52,0.0,124.75,24.11,55.37,25.14,28.32,46737.0,122.0,13.0,2207.4,37973.93,2671.2,3115.2,5481.93,-20.53,959.93,-5786.07,35.0,-2000.0,-1200.0,-1537.0,-1297.0,176.33
2016-08-03 15:30:00+00:00,207.17,0.98,206.6,23.15,3.9,2.75,1.87,1.51,2.75,1.46,8.44,54.27,74.63,44.69,28.64,1.56,34.33,1.64,28.66,203.53,23.81,238.33,3.06,57.19,0.0,87.5,23.73,58.03,17.36,26.68,46625.17,122.0,13.0,2220.9,38021.47,2640.33,2895.53,5648.0,-20.23,961.93,-5877.0,35.0,-2000.0,-1200.0,-1524.87,-1184.3,232.3
2016-08-03 15:45:00+00:00,145.46,0.37,145.24,20.25,2.86,2.18,1.42,1.52,2.78,1.69,7.4,56.68,77.85,30.44,28.29,1.08,33.83,1.14,28.0,141.18,23.82,239.87,3.31,57.4,0.0,81.5,23.16,63.46,16.16,25.9,46642.67,122.0,13.0,2246.4,38112.47,2555.33,2654.53,5873.0,-20.73,963.93,-5877.0,35.0,-2000.0,-1200.0,-1498.87,-942.8,380.8
2016-08-03 16:00:00+00:00,142.82,0.32,142.83,21.94,2.46,2.29,1.45,1.25,3.69,1.8,8.57,59.11,80.95,30.58,28.61,1.07,33.95,1.13,26.98,139.55,23.72,244.93,2.98,58.01,0.0,75.5,22.58,68.88,14.96,25.12,46690.5,122.23,13.0,2243.9,38149.1,2489.0,2402.1,6091.23,-20.77,966.87,-5766.4,35.0,-2000.0,-1200.0,-1485.0,-814.0,458.37
2016-08-03 16:15:00+00:00,93.83,0.13,93.88,19.72,2.33,2.71,1.39,1.22,2.99,1.83,6.81,61.56,83.95,20.06,28.28,0.71,33.54,0.76,25.14,93.27,23.63,251.02,3.12,58.43,0.0,69.5,22.01,74.31,13.75,24.34,46773.0,122.73,13.0,2209.4,38123.6,2444.0,2136.6,6301.73,-20.27,970.87,-5529.4,35.0,-2000.0,-1200.0,-1485.0,-814.0,454.87
2016-08-03 16:30:00+00:00,46.62,-0.09,46.46,22.07,2.22,2.37,1.32,0.99,2.53,2.08,10.19,64.03,86.87,10.39,27.55,0.38,32.97,0.4,21.38,49.29,23.11,245.12,2.88,61.82,0.0,59.31,21.47,78.92,11.67,23.46,46942.3,122.77,13.0,2208.5,38147.57,2414.17,1865.5,6483.53,-20.0,973.0,-5266.97,35.23,-2000.0,-1200.0,-1497.13,-730.47,544.47
2016-08-03 16:45:00+00:00,70.86,0.1,70.93,20.94,2.22,2.26,1.17,0.98,2.53,2.15,9.36,66.51,89.72,15.46,28.9,0.53,33.47,0.58,22.03,72.03,22.85,243.4,2.18,63.05,0.0,44.34,20.97,82.59,8.6,22.45,47210.8,122.27,13.0,2246.0,38228.07,2401.67,1588.0,6632.53,-20.0,973.0,-4975.47,35.73,-2000.0,-1200.0,-1523.13,-551.47,740.47
2016-08-03 17:00:00+00:00,76.66,-0.05,76.67,16.66,2.06,1.53,0.88,1.02,2.29,2.94,5.67,68.98,92.52,16.55,28.64,0.58,33.58,0.61,22.17,76.17,22.68,249.99,2.43,64.65,0.0,29.36,20.47,86.27,5.58,21.45,47264.63,122.0,13.23,2262.5,38250.93,2386.83,1317.5,6797.17,-20.0,974.63,-4841.7,36.0,-2000.0,-1200.0,-1537.0,-456.0,845.0
2016-08-03 17:15:00+00:00,59.66,-0.01,59.59,13.61,2.0,2.19,0.9,1.03,1.93,1.41,3.81,71.45,95.28,13.32,28.47,0.47,33.36,0.5,21.22,61.37,22.24,248.47,3.04,66.33,0.0,14.39,19.97,89.94,2.63,20.45,47073.13,122.0,13.73,2255.0,38207.93,2369.33,1055.0,6979.67,-20.0,978.13,-4888.2,36.0,-2000.0,-1200.0,-1537.0,-456.0,845.0
2016-08-03 17:30:00+00:00,53.49,-0.35,53.26,15.81,1.93,2.22,1.09,1.02,1.95,1.7,5.58,73.91,98.0,12.04,28.14,0.43,33.27,0.46,20.69,55.49,21.97,254.22,2.5,68.94,0.0,6.34,19.66,92.05,1.1,19.88,46787.83,122.7,13.77,2254.27,38181.03,2343.67,809.3,7017.73,-20.0,980.23,-4914.87,36.23,-2000.0,-1200.0,-1537.0,-527.63,748.87
2016-08-03 17:45:00+00:00,38.4,-0.29,38.19,13.07,1.7,2.12,0.98,0.99,1.85,1.35,3.73,76.36,100.71,9.09,27.58,0.33,32.96,0.35,19.91,41.55,21.45,263.44,2.49,73.7,0.0,6.22,19.59,92.38,1.07,19.8,46395.33,124.2,13.27,2261.27,38172.53,2308.67,582.8,6890.73,-20.0,980.73,-4918.87,36.73,-2000.0,-1200.0,-1537.0,-681.13,542.87
2016-08-03 18:00:00+00:00,27.17,-0.1,27.48,13.93,1.52,1.89,1.01,1.0,1.92,1.39,4.91,78.78,103.42,6.16,27.09,0.23,32.29,0.24,19.88,29.47,21.0,248.98,2.97,75.17,0.0,6.09,19.51,92.7,1.05,19.72,45861.9,124.77,13.23,2251.93,38161.0,2231.9,398.3,6777.97,-20.0,982.87,-5060.3,37.0,-2000.0,-1200.0,-1537.0,-763.0,433.0
2016-08-03 18:15:00+00:00,20.07,-0.11,20.34,16.24,2.15,2.34,1.1,1.06,1.99,0.77,6.54,81.17,106.12,4.36,26.82,0.16,31.76,0.17,20.28,21.46,20.68,240.89,2.7,76.73,0.0,5.97,19.44,93.03,1.03,19.64,45167.4,124.27,13.73,2223.93,38146.0,2107.4,261.8,6681.47,-20.0,986.87,-5358.8,37.0,-2000.0,-1200.0,-1537.0,-763.0,433.0
2016-08-03 18:30:00+00:00,12.79,1.11,12.68,14.21,1.97,1.91,1.04,1.05,1.68,0.68,5.63,83.53,108.84,2.61,26.24,0.1,30.91,0.11,20.38,13.71,20.57,251.01,3.54,77.47,0.0,5.22,19.39,93.04,0.89,19.56,44546.87,124.0,14.0,2203.4,38107.67,2032.13,155.63,6494.2,-62.0,989.93,-5513.1,37.23,-2000.0,-1200.0,-1537.0,-823.67,570.43
2016-08-03 18:45:00+00:00,13.23,0.41,13.08,15.11,1.61,1.84,1.05,1.05,1.98,0.87,6.46,85.86,111.58,2.64,25.95,0.1,30.92,0.11,20.24,13.98,20.46,246.24,4.03,78.12,0.0,3.77,19.36,92.69,0.63,19.49,44010.87,124.0,14.0,2191.4,38042.67,2013.13,84.13,6203.2,-152.0,991.93,-5502.6,37.73,-2000.0,-1200.0,-1537.0,-953.67,864.93
2016-08-03 19:00:00+00:00,7.29,-0.09,7.21,12.73,0.97,1.9,0.98,1.02,1.85,0.52,5.23,88.14,114.34,0.0,0.0,0.0,0.0,0.0,0.0,0.0,20.29,251.93,3.89,79.41,0.0,2.32,19.34,92.34,0.37,19.42,43817.4,123.77,14.0,2188.97,38024.8,1982.7,35.27,6049.4,-205.6,992.53,-5389.43,38.0,-2000.0,-1200.0,-1537.0,-1023.0,1033.67
2016-08-03 19:15:00+00:00,3.43,0.06,3.39,10.94,1.42,1.22,1.0,0.98,1.71,0.52,3.88,89.88,117.15,0.0,0.0,0.0,0.0,0.0,0.0,0.0,20.18,246.16,3.59,79.65,0.0,0.87,19.31,91.99,0.13,19.34,44015.4,123.27,14.0,2197.47,38060.8,1939.2,12.27,6052.4,-217.6,991.53,-5158.93,38.0,-2000.0,-1200.0,-1537.0,-1023.0,1058.67
2016-08-03 19:30:00+00:00,1.33,-0.15,1.31,9.28,0.8,1.16,0.95,0.95,1.87,0.46,2.88,90.0,119.99,0.0,0.0,0.0,0.0,0.0,0.0,0.0,20.04,244.05,3.23,79.62,0.0,0.09,19.27,91.79,0.01,19.27,44259.6,123.23,13.77,2197.8,38050.6,1886.83,-0.23,6082.93,-179.67,990.07,-4906.5,37.77,-2000.0,-1200.0,-1529.07,-869.93,1175.13
2016-08-03 19:45:00+00:00,-0.56,-0.14,-0.61,8.8,0.76,1.18,0.88,0.97,1.94,0.3,2.55,90.0,122.89,0.0,0.0,0.0,0.0,0.0,0.0,0.0,19.88,240.2,4.07,80.34,0.0,0.06,19.19,91.76,0.01,19.19,44556.6,123.73,13.27,2188.8,37987.6,1824.33,-0.73,6144.93,-84.67,988.07,-4629.0,37.27,-2000.0,-1200.0,-1512.07,-541.93,1396.13
2016-08-03 20:00:00+00:00,-0.45,-0.1,-0.5,9.02,0.81,1.19,0.92,0.96,2.18,0.3,2.45,90.0,125.85,0.0,0.0,0.0,0.0,0.0,0.0,0.0,19.82,240.74,4.19,80.59,0.0,0.04,19.11,91.74,0.0,19.12,44821.4,124.0,13.23,2178.17,37964.03,1777.47,-1.0,6168.67,-30.73,985.83,-4358.27,37.0,-2000.0,-1200.0,-1503.0,-367.0,1525.67
2016-08-03 20:15:00+00:00,-0.86,-0.23,-0.92,9.97,0.82,1.17,1.28,0.96,2.39,0.33,2.82,90.0,128.87,0.0,0.0,0.0,0.0,0.0,0.0,0.0,19.75,240.77,3.38,81.01,0.0,0.01,19.04,91.71,0.0,19.04,45049.4,124.0,13.73,2165.67,37985.53,1748.47,-1.0,6148.67,-23.73,983.33,-4095.27,37.0,-2000.0,-1200.0,-1503.0,-367.0,1550.67
2016-08-03 20:30:00+00:00,-0.63,-0.11,-0.6,8.83,0.81,1.19,0.31,0.95,2.1,0.64,2.64,90.0,131.96,0.0,0.0,0.0,0.0,0.0,0.0,0.0,19.66,242.24,3.87,80.93,0.0,0.0,18.96,91.82,0.0,0.0,45774.63,124.0,13.77,2173.47,38035.03,1729.97,-1.0,6563.83,-20.0,983.87,-3828.77,36.77,-2000.0,-1223.33,-1396.13,-209.03,1622.1
2016-08-03 20:45:00+00:00,-0.44,-0.1,-0.5,8.98,0.87,1.17,0.27,0.99,1.97,0.66,2.85,90.0,135.12,0.0,0.0,0.0,0.0,0.0,0.0,0.0,19.65,237.04,4.13,80.54,0.0,0.0,18.89,92.07,0.0,0.0,47068.13,124.0,13.27,2204.47,38116.53,1723.47,-1.0,7476.33,-20.0,987.87,-3558.27,36.27,-2000.0,-1273.33,-1167.13,129.47,1746.6
2016-08-03 21:00:00+00:00,-0.65,-0.1,-0.74,9.91,1.07,1.33,0.37,1.04,1.67,0.46,3.79,90.0,138.36,0.0,0.0,0.0,0.0,0.0,0.0,0.0,19.56,233.02,3.03,81.07,0.0,0.0,18.82,92.32,0.0,0.0,47494.8,124.23,13.0,2144.23,38129.43,1702.97,-1.0,7676.93,-20.0,994.2,-3270.73,36.0,-2000.0,-1300.0,-1045.0,310.0,1813.0
2016-08-03 21:15:00+00:00,-0.75,-0.09,-0.69,9.79,0.8,1.17,0.19,0.91,3.42,0.41,2.68,90.0,141.68,0.0,0.0,0.0,0.0,0.0,0.0,0.0,19.28,240.28,3.85,83.24,0.0,0.0,18.74,92.57,0.0,0.0,46930.8,124.73,13.0,1979.73,38063.93,1666.47,-1.0,7063.93,-20.0,1003.2,-2963.73,36.0,-2000.0,-1300.0,-1045.0,310.0,1813.0
2016-08-03 21:30:00+00:00,-0.43,-0.07,-0.48,9.56,1.02,1.99,0.14,0.93,2.5,0.28,2.44,90.0,145.08,0.0,0.0,0.0,0.0,0.0,0.0,0.0,19.14,241.7,2.68,84.33,0.0,0.0,18.69,92.84,0.0,0.0,46399.47,124.77,13.0,1867.03,37967.17,1638.13,-1.0,6551.27,-20.47,1008.0,-2748.9,36.0,-1861.4,-1300.0,-1109.17,-85.5,1959.07
2016-08-03 21:45:00+00:00,-0.44,-0.09,-0.48,7.62,0.81,1.46,0.18,0.97,0.88,0.46,2.67,90.0,148.56,0.0,0.0,0.0,0.0,0.0,0.0,0.0,19.09,244.67,3.64,84.71,0.0,0.0,18.66,93.14,0.0,0.0,45905.47,124.27,13.0,1813.53,37834.67,1619.13,-1.0,6153.27,-21.47,1008.0,-2639.4,36.0,-1564.4,-1300.0,-1246.67,-933.0,2272.07
2016-08-03 22:00:00+00:00,-0.43,-0.09,-0.47,7.47,0.82,1.17,0.13,0.97,0.83,0.94,2.43,90.0,152.12,0.0,0.0,0.0,0.0,0.0,0.0,0.0,19.07,248.07,3.27,84.78,0.0,0.0,18.64,93.44,0.0,0.0,45070.33,124.23,13.0,1698.9,37681.4,1628.13,-1.0,5747.1,-69.83,1008.23,-2761.13,35.53,-1406.0,-1300.0,-1320.0,-1385.0,2439.0
2016-08-03 22:15:00+00:00,-0.43,-0.11,-0.46,7.13,0.79,1.23,0.13,0.91,0.77,0.47,2.66,90.0,155.76,0.0,0.0,0.0,0.0,0.0,0.0,0.0,19.09,245.53,3.32,84.71,0.0,0.0,18.61,93.74,0.0,0.0,43845.33,124.73,13.0,1514.4,37504.4,1669.13,-1.0,5331.6,-172.33,1008.73,-3147.13,34.53,-1406.0,-1300.0,-1320.0,-1385.0,2439.0
2016-08-03 22:30:00+00:00,-0.43,-0.1,-0.45,6.88,0.79,1.23,0.19,0.92,0.77,0.4,2.41,90.0,159.47,0.0,0.0,0.0,0.0,0.0,0.0,0.0,19.07,241.76,3.35,84.55,0.0,0.0,18.59,94.04,0.0,0.0,42481.5,124.77,13.0,1348.1,37277.47,1694.5,-1.0,5041.4,-560.9,1011.1,-3466.4,34.0,-1406.0,-1346.67,-1320.0,-1430.73,2271.0
2016-08-03 22:45:00+00:00,-0.42,-0.09,-0.44,7.08,0.79,1.42,0.16,0.91,0.85,0.28,2.47,90.0,163.24,0.0,0.0,0.0,0.0,0.0,0.0,0.0,19.06,239.38,3.06,84.52,0.0,0.0,18.56,94.34,0.0,0.0,40959.0,124.27,13.0,1202.6,36993.47,1702.0,-1.0,4894.4,-1276.4,1015.6,-3709.4,34.0,-1406.0,-1446.67,-1320.0,-1528.73,1911.0
2016-08-03 23:00:00+00:00,-0.43,-0.1,-0.43,7.37,0.79,1.22,0.13,0.94,0.82,0.28,3.03,90.0,167.07,0.0,0.0,0.0,0.0,0.0,0.0,0.0,18.95,232.88,2.81,85.35,0.0,0.0,18.54,94.64,0.0,0.0,40018.67,124.0,13.0,1153.47,36948.87,1715.1,-1.0,4728.73,-1809.2,1017.77,-3872.83,34.23,-1406.0,-1500.0,-1320.0,-1581.0,1719.0
2016-08-03 23:15:00+00:00,-0.43,-0.1,-0.48,6.94,0.8,1.37,0.18,0.98,0.77,0.28,2.37,90.0,170.94,0.0,0.0,0.0,0.0,0.0,0.0,0.0,18.88,244.82,3.11,86.04,0.0,0.0,18.51,94.94,0.0,0.0,39743.67,124.0,13.0,1214.47,37177.87,1734.6,-1.0,4541.73,-2133.2,1017.27,-3945.33,34.73,-1406.0,-1500.0,-1320.0,-1581.0,1719.0
2016-08-03 23:30:00+00:00,-0.44,-0.11,-0.48,7.99,1.03,1.28,0.2,0.97,0.84,0.4,3.1,90.0,174.84,0.0,0.0,0.0,0.0,0.0,0.0,0.0,18.81,241.46,2.59,86.63,0.0,0.0,18.57,93.8,0.0,0.0,39412.2,124.23,13.23,1241.4,37262.2,1732.63,-1.0,4410.27,-2317.67,1015.83,-4068.93,35.0,-1244.53,-1500.0,-1320.0,-1638.87,1292.47
2016-08-03 23:45:00+00:00,-0.43,-0.11,-0.46,8.37,0.83,1.43,0.2,0.91,0.77,1.3,2.73,90.0,106.76,0.0,0.0,0.0,0.0,0.0,0.0,0.0,18.72,250.23,2.66,86.86,0.0,0.0,18.72,91.03,0.0,0.0,39016.2,124.73,13.73,1229.4,37181.2,1706.13,-1.0,4342.27,-2342.67,1013.33,-4250.93,35.0,-898.53,-1500.0,-1320.0,-1762.87,378.47
